0 370 1
300 780 2
-1390 1150 3
-190 1810 4
-590 1810 5
-990 1810 6
-1390 1810 7
-1790 1810 8
-1590 1480 9 
590 1810 10
190 1810 11
-390 1480 12
-790 1480 13
990 1810 14
0 1480 15
790 1480 16
390 1480 17
1390 1810 18
-190 1150 19
-590 1150 20
-990 1150 21
1790 1810 22
1190 1480 23
1590 1480 24
190 1150 25
990 1150 26
590 1150 27
-300 780 28
1820 1150 29
1190 830 30
1590 830 31
790 830 32
-790 830 33
-1190 830 34
-1590 830 35
-1790 1150 36
1820 2540 37
1390 2540 38
-1790 2610 39
1190 2210 40
1590 2210 41
-600 2540 42
-400 2210 43
-190 2540 44
0 2210 45
190 2540 46
390 2210 47
590 2540 48
790 2210 49
990 2540 50
1390 1150 51
-1190 2610 52
-1190 2140 53
-1430 2380 54
-960 2380 55
-1190 1480 56
