0 370 _Pwr/Home 2
300 780 __ 2
-1390 1150 Z 2
-190 1810 T 2
-590 1810 R 2
-990 1810 E 2
-1390 1810 W 2
-1790 1810 Q 2
-1590 1480 A  2
590 1810 U 2
450 1760 } 4
190 1810 Y  2
50 1760 {  4
-390 1480 F 2
-790 1480 D 2
990 1810 I 2
850 1760 [ 4
0 1480 G  2
790 1480 J 2
720 1410 &gt; 4
390 1480 H 2
320 1410 &lt; 4
1390 1810 O  2
1250 1760 ]  4
-190 1150 V 2
-590 1150 C 2
-990 1150 X 2
1790 1810 P  2
1650 1760 |  4
1190 1480 K 2
1220 1390 &apos; 4
1590 1480 L 2
1600 1390 &quot; 4
190 1150 B 2
100 1050 ` 4
990 1150 M 2
870 1100 : 4
590 1150 N 2
450 1060 ~ 4
-300 780 __ 2
1190 830 / 2
1070 780 \\ 4
1190 950 ? 3
1590 830 _Shift 3
790 830 _Ctrl 2
-790 830 _Alt 2
-1190 830 _Fn 4
-1590 830 _Shift 3
-1790 1150 Tab 2
1820 2540 BS 2
1390 2540 - 2
1290 2600 _ 3
-1790 2610 _Esc 2
1190 2210 0 2
1140 2210 ) 3
1590 2210 = 2
1520 2210 + 3
-600 2540 1 2
-670 2540 ! 3
-400 2210 2 2
-510 2210 @ 3
-190 2540 3 2
-260 2540 # 3
0 2210 4 2
-70 2210 $ 3
190 2540 5 2
80 2540 % 3
390 2210 6 2
320 2210 ^ 3
590 2540 7 2
630 2540 &amp; 3
790 2210 8 2
720 2210 * 3
990 2540 9 2
930 2540 ( 3
1390 1150 . 2
1390 1230 , 3
1270 1100 ; 4
-1190 2610 __ 2
-1190 2140 __ 2
-1430 2380 __ 2
-960 2380 __ 2
-1190 1480 S 2
